1.8231	-5.9802	1.0000
1.7866	-5.8601	1.0000
1.7501	-5.7400	1.0000
1.7137	-5.6199	1.0000
1.6772	-5.4999	1.0000
1.6408	-5.3799	1.0000
1.6043	-5.2599	1.0000
1.5678	-5.1399	1.0000
1.5314	-5.0200	1.0000
1.4949	-4.9000	1.0000
1.4584	-4.7801	1.0000
1.4220	-4.6602	1.0000
1.3855	-4.5403	1.0000
1.3490	-4.4205	1.0000
1.3125	-4.3006	1.0000
1.2761	-4.1808	1.0000
1.2396	-4.0610	1.0000
1.2031	-3.9413	1.0000
1.1667	-3.8215	1.0000
1.1302	-3.7018	1.0000
1.0937	-3.5821	1.0000
1.0572	-3.4624	1.0000
1.0208	-3.3427	1.0000
0.9843	-3.2230	1.0000
0.9478	-3.1034	1.0000
0.9114	-2.9838	1.0000
0.8749	-2.8642	1.0000
0.8384	-2.7446	1.0000
0.8020	-2.6251	1.0000
0.7655	-2.5055	1.0000
0.7290	-2.3860	1.0000
0.6926	-2.2665	1.0000
0.6561	-2.1471	1.0000
0.6196	-2.0276	1.0000
0.5832	-1.9082	1.0000
0.5467	-1.7888	1.0000
0.5102	-1.6694	1.0000
0.4738	-1.5500	1.0000
0.4373	-1.4307	1.0000
0.4009	-1.3113	1.0000
0.3644	-1.1920	1.0000
0.3280	-1.0727	1.0000
0.2915	-0.9534	1.0000
0.2551	-0.8342	1.0000
0.2186	-0.7150	1.0000
0.1822	-0.5958	1.0000
0.1457	-0.4766	1.0000
0.1093	-0.3574	1.0000
0.0729	-0.2382	1.0000
0.0364	-0.1191	1.0000
0.0000	0.0000	1.0000
-0.0364	0.1191	1.0000
-0.0729	0.2382	1.0000
-0.1093	0.3572	1.0000
-0.1457	0.4762	1.0000
-0.1821	0.5953	1.0000
-0.2185	0.7142	1.0000
-0.2549	0.8332	1.0000
-0.2914	0.9522	1.0000
-0.3278	1.0711	1.0000
-0.3642	1.1900	1.0000
-0.4006	1.3089	1.0000
-0.4370	1.4278	1.0000
-0.4734	1.5466	1.0000
-0.5097	1.6654	1.0000
-0.5461	1.7842	1.0000
-0.5825	1.9030	1.0000
-0.6189	2.0218	1.0000
-0.6553	2.1405	1.0000
-0.6916	2.2593	1.0000
-0.7280	2.3780	1.0000
-0.7644	2.4967	1.0000
-0.8007	2.6153	1.0000
-0.8371	2.7340	1.0000
-0.8734	2.8526	1.0000
-0.9098	2.9712	1.0000
-0.9461	3.0898	1.0000
-0.9824	3.2084	1.0000
-1.0188	3.3269	1.0000
-1.0551	3.4455	1.0000
-1.0914	3.5640	1.0000
-1.1277	3.6825	1.0000
-1.1640	3.8009	1.0000
-1.2003	3.9194	1.0000
-1.2366	4.0378	1.0000
-1.2729	4.1562	1.0000
-1.3092	4.2746	1.0000
-1.3455	4.3930	1.0000
-1.3818	4.5113	1.0000
-1.4181	4.6296	1.0000
-1.4543	4.7480	1.0000
-1.4906	4.8662	1.0000
-1.5269	4.9845	1.0000
-1.5631	5.1028	1.0000
-1.5994	5.2210	1.0000
-1.6356	5.3392	1.0000
-1.6718	5.4574	1.0000
-1.7080	5.5756	1.0000
-1.7443	5.6937	1.0000
-1.7805	5.8118	1.0000
-1.8167	5.9299	1.0000
1.7934	-5.8770	2.0000
1.7580	-5.7570	2.0000
1.7225	-5.6369	2.0000
1.6871	-5.5169	2.0000
1.6517	-5.3969	2.0000
1.6162	-5.2769	2.0000
1.5808	-5.1569	2.0000
1.5453	-5.0370	2.0000
1.5098	-4.9171	2.0000
1.4743	-4.7972	2.0000
1.4388	-4.6773	2.0000
1.4032	-4.5574	2.0000
1.3677	-4.4375	2.0000
1.3322	-4.3177	2.0000
1.2966	-4.1979	2.0000
1.2610	-4.0781	2.0000
1.2255	-3.9583	2.0000
1.1899	-3.8385	2.0000
1.1543	-3.7188	2.0000
1.1186	-3.5991	2.0000
1.0830	-3.4794	2.0000
1.0474	-3.3597	2.0000
1.0117	-3.2400	2.0000
0.9761	-3.1204	2.0000
0.9404	-3.0007	2.0000
0.9047	-2.8811	2.0000
0.8690	-2.7615	2.0000
0.8333	-2.6419	2.0000
0.7976	-2.5224	2.0000
0.7619	-2.4028	2.0000
0.7261	-2.2833	2.0000
0.6904	-2.1638	2.0000
0.6546	-2.0443	2.0000
0.6189	-1.9249	2.0000
0.5831	-1.8054	2.0000
0.5473	-1.6860	2.0000
0.5115	-1.5666	2.0000
0.4757	-1.4472	2.0000
0.4399	-1.3279	2.0000
0.4041	-1.2085	2.0000
0.3682	-1.0892	2.0000
0.3324	-0.9699	2.0000
0.2965	-0.8506	2.0000
0.2607	-0.7313	2.0000
0.2248	-0.6121	2.0000
0.1889	-0.4928	2.0000
0.1530	-0.3736	2.0000
0.1171	-0.2544	2.0000
0.0812	-0.1352	2.0000
0.0453	-0.0161	2.0000
0.0094	0.1031	2.0000
-0.0265	0.2222	2.0000
-0.0625	0.3413	2.0000
-0.0984	0.4604	2.0000
-0.1344	0.5794	2.0000
-0.1703	0.6985	2.0000
-0.2063	0.8175	2.0000
-0.2423	0.9365	2.0000
-0.2783	1.0555	2.0000
-0.3143	1.1745	2.0000
-0.3503	1.2934	2.0000
-0.3863	1.4123	2.0000
-0.4223	1.5312	2.0000
-0.4584	1.6501	2.0000
-0.4944	1.7690	2.0000
-0.5305	1.8878	2.0000
-0.5665	2.0067	2.0000
-0.6026	2.1255	2.0000
-0.6386	2.2443	2.0000
-0.6747	2.3630	2.0000
-0.7108	2.4818	2.0000
-0.7469	2.6005	2.0000
-0.7830	2.7192	2.0000
-0.8191	2.8379	2.0000
-0.8552	2.9566	2.0000
-0.8913	3.0753	2.0000
-0.9274	3.1939	2.0000
-0.9636	3.3125	2.0000
-0.9997	3.4311	2.0000
-1.0359	3.5497	2.0000
-1.0720	3.6683	2.0000
-1.1082	3.7868	2.0000
-1.1443	3.9053	2.0000
-1.1805	4.0238	2.0000
-1.2167	4.1423	2.0000
-1.2528	4.2607	2.0000
-1.2890	4.3792	2.0000
-1.3252	4.4976	2.0000
-1.3614	4.6160	2.0000
-1.3976	4.7344	2.0000
-1.4338	4.8527	2.0000
-1.4700	4.9711	2.0000
-1.5063	5.0894	2.0000
-1.5425	5.2077	2.0000
-1.5787	5.3260	2.0000
-1.6150	5.4443	2.0000
-1.6512	5.5625	2.0000
-1.6874	5.6807	2.0000
-1.7237	5.7989	2.0000
-1.7599	5.9171	2.0000
-1.7962	6.0353	2.0000
1.7831	-6.0731	3.0000
1.7464	-5.9531	3.0000
1.7098	-5.8331	3.0000
1.6732	-5.7131	3.0000
1.6366	-5.5931	3.0000
1.6001	-5.4731	3.0000
1.5635	-5.3532	3.0000
1.5269	-5.2333	3.0000
1.4904	-5.1134	3.0000
1.4538	-4.9935	3.0000
1.4173	-4.8737	3.0000
1.3808	-4.7539	3.0000
1.3443	-4.6340	3.0000
1.3078	-4.5142	3.0000
1.2713	-4.3945	3.0000
1.2348	-4.2747	3.0000
1.1984	-4.1550	3.0000
1.1619	-4.0353	3.0000
1.1255	-3.9156	3.0000
1.0890	-3.7959	3.0000
1.0526	-3.6763	3.0000
1.0162	-3.5566	3.0000
0.9798	-3.4370	3.0000
0.9434	-3.3174	3.0000
0.9071	-3.1978	3.0000
0.8707	-3.0783	3.0000
0.8344	-2.9587	3.0000
0.7980	-2.8392	3.0000
0.7617	-2.7197	3.0000
0.7254	-2.6003	3.0000
0.6891	-2.4808	3.0000
0.6528	-2.3614	3.0000
0.6166	-2.2419	3.0000
0.5803	-2.1225	3.0000
0.5441	-2.0032	3.0000
0.5078	-1.8838	3.0000
0.4716	-1.7645	3.0000
0.4354	-1.6451	3.0000
0.3992	-1.5258	3.0000
0.3630	-1.4066	3.0000
0.3269	-1.2873	3.0000
0.2907	-1.1681	3.0000
0.2546	-1.0488	3.0000
0.2184	-0.9296	3.0000
0.1823	-0.8104	3.0000
0.1462	-0.6913	3.0000
0.1101	-0.5721	3.0000
0.0741	-0.4530	3.0000
0.0380	-0.3339	3.0000
0.0020	-0.2148	3.0000
-0.0341	-0.0957	3.0000
-0.0701	0.0233	3.0000
-0.1061	0.1424	3.0000
-0.1421	0.2614	3.0000
-0.1780	0.3804	3.0000
-0.2140	0.4993	3.0000
-0.2499	0.6183	3.0000
-0.2859	0.7372	3.0000
-0.3218	0.8561	3.0000
-0.3577	0.9750	3.0000
-0.3936	1.0939	3.0000
-0.4294	1.2128	3.0000
-0.4653	1.3316	3.0000
-0.5011	1.4504	3.0000
-0.5369	1.5692	3.0000
-0.5728	1.6880	3.0000
-0.6085	1.8068	3.0000
-0.6443	1.9255	3.0000
-0.6801	2.0443	3.0000
-0.7158	2.1630	3.0000
-0.7516	2.2817	3.0000
-0.7873	2.4003	3.0000
-0.8230	2.5190	3.0000
-0.8587	2.6376	3.0000
-0.8943	2.7562	3.0000
-0.9300	2.8748	3.0000
-0.9656	2.9934	3.0000
-1.0012	3.1120	3.0000
-1.0368	3.2305	3.0000
-1.0724	3.3490	3.0000
-1.1080	3.4675	3.0000
-1.1435	3.5860	3.0000
-1.1791	3.7045	3.0000
-1.2146	3.8229	3.0000
-1.2501	3.9414	3.0000
-1.2856	4.0598	3.0000
-1.3210	4.1782	3.0000
-1.3565	4.2966	3.0000
-1.3919	4.4149	3.0000
-1.4273	4.5332	3.0000
-1.4627	4.6516	3.0000
-1.4981	4.7699	3.0000
-1.5335	4.8881	3.0000
-1.5688	5.0064	3.0000
-1.6041	5.1247	3.0000
-1.6395	5.2429	3.0000
-1.6747	5.3611	3.0000
-1.7100	5.4793	3.0000
-1.7453	5.5975	3.0000
-1.7805	5.7156	3.0000
-1.8157	5.8338	3.0000
