0.0000	49.4194	1.0000
0.0000	48.4581	1.0000
0.0000	47.4958	1.0000
0.0000	46.5323	1.0000
0.0000	45.5677	1.0000
0.0000	44.6020	1.0000
0.0000	43.6352	1.0000
0.0000	42.6673	1.0000
0.0000	41.6984	1.0000
0.0000	40.7283	1.0000
0.0000	39.7571	1.0000
0.0000	38.7848	1.0000
0.0000	37.8114	1.0000
0.0000	36.8370	1.0000
0.0000	35.8614	1.0000
0.0000	34.8847	1.0000
0.0000	33.9069	1.0000
0.0000	32.9280	1.0000
0.0000	31.9480	1.0000
0.0000	30.9669	1.0000
0.0000	29.9847	1.0000
0.0000	29.0013	1.0000
0.0000	28.0169	1.0000
0.0000	27.0314	1.0000
0.0000	26.0447	1.0000
0.0000	25.0570	1.0000
0.0000	24.0681	1.0000
0.0000	23.0781	1.0000
0.0000	22.0870	1.0000
0.0000	21.0948	1.0000
0.0000	20.1015	1.0000
0.0000	19.1071	1.0000
0.0000	18.1115	1.0000
0.0000	17.1149	1.0000
0.0000	16.1171	1.0000
-4.6232	15.2135	1.0000
-4.3147	14.2013	1.0000
-4.0062	13.1888	1.0000
-3.6978	12.1760	1.0000
-3.3895	11.1629	1.0000
-3.0812	10.1495	1.0000
-2.7730	9.1358	1.0000
-2.4649	8.1218	1.0000
-2.1568	7.1076	1.0000
-1.8487	6.0930	1.0000
-1.5406	5.0782	1.0000
-1.2325	4.0631	1.0000
-0.9244	3.0478	1.0000
-0.6163	2.0321	1.0000
-0.3082	1.0162	1.0000
0.0000	0.0000	1.0000
0.3082	-1.0165	1.0000
0.6166	-2.0332	1.0000
0.9250	-3.0503	1.0000
1.2335	-4.0676	1.0000
1.5420	-5.0852	1.0000
1.8507	-6.1030	1.0000
2.1596	-7.1212	1.0000
2.4686	-8.1396	1.0000
2.7777	-9.1583	1.0000
3.0870	-10.1773	1.0000
3.3964	-11.1966	1.0000
3.7060	-12.2162	1.0000
4.0159	-13.2361	1.0000
4.3259	-14.2562	1.0000
4.6361	-15.2767	1.0000
0.0000	-16.4071	1.0000
0.0000	-17.4423	1.0000
0.0000	-18.4786	1.0000
0.0000	-19.5161	1.0000
0.0000	-20.5547	1.0000
0.0000	-21.5944	1.0000
0.0000	-22.6354	1.0000
0.0000	-23.6775	1.0000
0.0000	-24.7207	1.0000
0.0000	-25.7651	1.0000
0.0000	-26.8106	1.0000
0.0000	-27.8574	1.0000
0.0000	-28.9052	1.0000
0.0000	-29.9543	1.0000
0.0000	-31.0045	1.0000
0.0000	-32.0559	1.0000
0.0000	-33.1084	1.0000
0.0000	-34.1621	1.0000
0.0000	-35.2170	1.0000
0.0000	-36.2730	1.0000
0.0000	-37.3302	1.0000
0.0000	-38.3886	1.0000
0.0000	-39.4482	1.0000
0.0000	-40.5089	1.0000
0.0000	-41.5708	1.0000
0.0000	-42.6339	1.0000
0.0000	-43.6982	1.0000
0.0000	-44.7637	1.0000
0.0000	-45.8303	1.0000
0.0000	-46.8982	1.0000
0.0000	-47.9672	1.0000
0.0000	-49.0374	1.0000
0.0000	-50.1088	1.0000
0.0000	-51.1814	1.0000
0.0000	-52.2552	1.0000
0.0094	47.2154	2.0000
0.0094	46.3009	2.0000
0.0094	45.3853	2.0000
0.0094	44.4685	2.0000
0.0094	43.5505	2.0000
0.0094	42.6315	2.0000
0.0094	41.7112	2.0000
0.0094	40.7898	2.0000
0.0094	39.8673	2.0000
0.0094	38.9437	2.0000
0.0094	38.0189	2.0000
0.0094	37.0929	2.0000
0.0094	36.1658	2.0000
0.0094	35.2376	2.0000
0.0094	34.3083	2.0000
0.0094	33.3778	2.0000
0.0094	32.4462	2.0000
0.0094	31.5135	2.0000
0.0094	30.5796	2.0000
0.0094	29.6446	2.0000
0.0094	28.7085	2.0000
0.0094	27.7713	2.0000
0.0094	26.8329	2.0000
0.0094	25.8934	2.0000
0.0094	24.9528	2.0000
0.0094	24.0111	2.0000
0.0094	23.0683	2.0000
0.0094	22.1243	2.0000
0.0094	21.1792	2.0000
0.0094	20.2330	2.0000
0.0094	19.2856	2.0000
0.0094	18.3371	2.0000
0.0094	17.3876	2.0000
0.0094	16.4369	2.0000
0.0094	15.4850	2.0000
0.0094	14.5321	2.0000
-4.4073	14.3132	2.0000
-4.0868	13.3001	2.0000
-3.7671	12.2867	2.0000
-3.4481	11.2730	2.0000
-3.1300	10.2589	2.0000
-2.8127	9.2446	2.0000
-2.4962	8.2300	2.0000
-2.1804	7.2151	2.0000
-1.8654	6.1999	2.0000
-1.5511	5.1844	2.0000
-1.2376	4.1687	2.0000
-0.9248	3.1527	2.0000
-0.6127	2.1364	2.0000
-0.3013	1.1199	2.0000
0.0094	0.1031	2.0000
0.3194	-0.9140	2.0000
0.6288	-1.9312	2.0000
0.9375	-2.9488	2.0000
1.2456	-3.9665	2.0000
1.5530	-4.9845	2.0000
1.8598	-6.0027	2.0000
2.1661	-7.0212	2.0000
2.4717	-8.0399	2.0000
2.7768	-9.0588	2.0000
3.0813	-10.0779	2.0000
3.3853	-11.0973	2.0000
3.6887	-12.1169	2.0000
3.9916	-13.1367	2.0000
4.2940	-14.1567	2.0000
4.5959	-15.1769	2.0000
4.8973	-16.1973	2.0000
0.0094	-16.5566	2.0000
0.0094	-17.5468	2.0000
0.0094	-18.5381	2.0000
0.0094	-19.5306	2.0000
0.0094	-20.5242	2.0000
0.0094	-21.5190	2.0000
0.0094	-22.5149	2.0000
0.0094	-23.5119	2.0000
0.0094	-24.5101	2.0000
0.0094	-25.5094	2.0000
0.0094	-26.5099	2.0000
0.0094	-27.5115	2.0000
0.0094	-28.5143	2.0000
0.0094	-29.5182	2.0000
0.0094	-30.5233	2.0000
0.0094	-31.5295	2.0000
0.0094	-32.5368	2.0000
0.0094	-33.5454	2.0000
0.0094	-34.5550	2.0000
0.0094	-35.5658	2.0000
0.0094	-36.5778	2.0000
0.0094	-37.5909	2.0000
0.0094	-38.6052	2.0000
0.0094	-39.6207	2.0000
0.0094	-40.6373	2.0000
0.0094	-41.6550	2.0000
0.0094	-42.6739	2.0000
0.0094	-43.6940	2.0000
0.0094	-44.7152	2.0000
0.0094	-45.7376	2.0000
0.0094	-46.7612	2.0000
0.0094	-47.7859	2.0000
0.0094	-48.8118	2.0000
0.0094	-49.8388	2.0000
-0.0341	51.6064	3.0000
-0.0341	50.5996	3.0000
-0.0341	49.5917	3.0000
-0.0341	48.5827	3.0000
-0.0341	47.5726	3.0000
-0.0341	46.5615	3.0000
-0.0341	45.5492	3.0000
-0.0341	44.5358	3.0000
-0.0341	43.5213	3.0000
-0.0341	42.5057	3.0000
-0.0341	41.4890	3.0000
-0.0341	40.4712	3.0000
-0.0341	39.4523	3.0000
-0.0341	38.4323	3.0000
-0.0341	37.4112	3.0000
-0.0341	36.3890	3.0000
-0.0341	35.3656	3.0000
-0.0341	34.3412	3.0000
-0.0341	33.3157	3.0000
-0.0341	32.2890	3.0000
-0.0341	31.2612	3.0000
-0.0341	30.2323	3.0000
-0.0341	29.2023	3.0000
-0.0341	28.1712	3.0000
-0.0341	27.1389	3.0000
-0.0341	26.1056	3.0000
-0.0341	25.0711	3.0000
-0.0341	24.0355	3.0000
-0.0341	22.9988	3.0000
-0.0341	21.9609	3.0000
-0.0341	20.9219	3.0000
-0.0341	19.8818	3.0000
-0.0341	18.8406	3.0000
-0.0341	17.7982	3.0000
-4.9080	16.1265	3.0000
-4.6084	15.1142	3.0000
-4.3082	14.1018	3.0000
-4.0074	13.0891	3.0000
-3.7060	12.0762	3.0000
-3.4039	11.0631	3.0000
-3.1011	10.0498	3.0000
-2.7976	9.0363	3.0000
-2.4935	8.0225	3.0000
-2.1886	7.0085	3.0000
-1.8831	5.9943	3.0000
-1.5768	4.9799	3.0000
-1.2698	3.9653	3.0000
-0.9620	2.9504	3.0000
-0.6535	1.9352	3.0000
-0.3442	0.9199	3.0000
-0.0341	-0.0957	3.0000
0.2768	-1.1116	3.0000
0.5885	-2.1277	3.0000
0.9010	-3.1441	3.0000
1.2144	-4.1607	3.0000
1.5286	-5.1776	3.0000
1.8436	-6.1947	3.0000
2.1595	-7.2122	3.0000
2.4763	-8.2299	3.0000
2.7939	-9.2479	3.0000
3.1125	-10.2662	3.0000
3.4319	-11.2848	3.0000
3.7523	-12.3037	3.0000
4.0736	-13.3230	3.0000
4.3958	-14.3425	3.0000
-0.0341	-16.1608	3.0000
-0.0341	-17.2411	3.0000
-0.0341	-18.3226	3.0000
-0.0341	-19.4053	3.0000
-0.0341	-20.4892	3.0000
-0.0341	-21.5743	3.0000
-0.0341	-22.6605	3.0000
-0.0341	-23.7479	3.0000
-0.0341	-24.8366	3.0000
-0.0341	-25.9264	3.0000
-0.0341	-27.0174	3.0000
-0.0341	-28.1096	3.0000
-0.0341	-29.2030	3.0000
-0.0341	-30.2976	3.0000
-0.0341	-31.3934	3.0000
-0.0341	-32.4904	3.0000
-0.0341	-33.5887	3.0000
-0.0341	-34.6881	3.0000
-0.0341	-35.7888	3.0000
-0.0341	-36.8906	3.0000
-0.0341	-37.9937	3.0000
-0.0341	-39.0980	3.0000
-0.0341	-40.2036	3.0000
-0.0341	-41.3104	3.0000
-0.0341	-42.4184	3.0000
-0.0341	-43.5276	3.0000
-0.0341	-44.6381	3.0000
-0.0341	-45.7499	3.0000
-0.0341	-46.8629	3.0000
-0.0341	-47.9771	3.0000
-0.0341	-49.0926	3.0000
-0.0341	-50.2094	3.0000
-0.0341	-51.3274	3.0000
-0.0341	-52.4467	3.0000
-0.0341	-53.5673	3.0000
-0.0341	-54.6892	3.0000
