0.0000	49.4194	1.0000
0.0000	48.4581	1.0000
0.0000	47.4958	1.0000
0.0000	46.5323	1.0000
0.0000	45.5677	1.0000
0.0000	44.6020	1.0000
0.0000	43.6352	1.0000
0.0000	42.6673	1.0000
0.0000	41.6984	1.0000
0.0000	40.7283	1.0000
0.0000	39.7571	1.0000
0.0000	38.7848	1.0000
0.0000	37.8114	1.0000
0.0000	36.8370	1.0000
0.0000	35.8614	1.0000
0.0000	34.8847	1.0000
0.0000	33.9069	1.0000
0.0000	32.9280	1.0000
0.0000	31.9480	1.0000
0.0000	30.9669	1.0000
0.0000	29.9847	1.0000
0.0000	29.0013	1.0000
0.0000	28.0169	1.0000
0.0000	27.0314	1.0000
0.0000	26.0447	1.0000
0.0000	25.0570	1.0000
0.0000	24.0681	1.0000
0.0000	23.0781	1.0000
0.0000	22.0870	1.0000
0.0000	21.0948	1.0000
0.0000	20.1015	1.0000
0.0000	19.1071	1.0000
0.0000	18.1115	1.0000
0.0000	17.1149	1.0000
0.0000	16.1171	1.0000
-4.6693	15.2128	1.0000
-4.3576	14.2007	1.0000
-4.0460	13.1883	1.0000
-3.7345	12.1755	1.0000
-3.4231	11.1625	1.0000
-3.1118	10.1492	1.0000
-2.8005	9.1355	1.0000
-2.4893	8.1216	1.0000
-2.1781	7.1074	1.0000
-1.8670	6.0929	1.0000
-1.5559	5.0782	1.0000
-1.2447	4.0631	1.0000
-0.9336	3.0477	1.0000
-0.6224	2.0321	1.0000
-0.3112	1.0162	1.0000
0.0000	0.0000	1.0000
0.3113	-1.0165	1.0000
0.6227	-2.0332	1.0000
0.9341	-3.0503	1.0000
1.2456	-4.0676	1.0000
1.5573	-5.0852	1.0000
1.8690	-6.1032	1.0000
2.1809	-7.1213	1.0000
2.4930	-8.1398	1.0000
2.8052	-9.1586	1.0000
3.1175	-10.1776	1.0000
3.4301	-11.1970	1.0000
3.7428	-12.2167	1.0000
4.0557	-13.2366	1.0000
4.3689	-14.2568	1.0000
4.6822	-15.2774	1.0000
0.0000	-16.4071	1.0000
0.0000	-17.4423	1.0000
0.0000	-18.4786	1.0000
0.0000	-19.5161	1.0000
0.0000	-20.5547	1.0000
0.0000	-21.5944	1.0000
0.0000	-22.6354	1.0000
0.0000	-23.6775	1.0000
0.0000	-24.7207	1.0000
0.0000	-25.7651	1.0000
0.0000	-26.8106	1.0000
0.0000	-27.8574	1.0000
0.0000	-28.9052	1.0000
0.0000	-29.9543	1.0000
0.0000	-31.0045	1.0000
0.0000	-32.0559	1.0000
0.0000	-33.1084	1.0000
0.0000	-34.1621	1.0000
0.0000	-35.2170	1.0000
0.0000	-36.2730	1.0000
0.0000	-37.3302	1.0000
0.0000	-38.3886	1.0000
0.0000	-39.4482	1.0000
0.0000	-40.5089	1.0000
0.0000	-41.5708	1.0000
0.0000	-42.6339	1.0000
0.0000	-43.6982	1.0000
0.0000	-44.7637	1.0000
0.0000	-45.8303	1.0000
0.0000	-46.8982	1.0000
0.0000	-47.9672	1.0000
0.0000	-49.0374	1.0000
0.0000	-50.1088	1.0000
0.0000	-51.1814	1.0000
0.0000	-52.2552	1.0000
0.1329	47.2103	2.0000
0.1329	46.2958	2.0000
0.1329	45.3802	2.0000
0.1329	44.4634	2.0000
0.1329	43.5455	2.0000
0.1329	42.6264	2.0000
0.1329	41.7061	2.0000
0.1329	40.7848	2.0000
0.1329	39.8622	2.0000
0.1329	38.9386	2.0000
0.1329	38.0138	2.0000
0.1329	37.0878	2.0000
0.1329	36.1608	2.0000
0.1329	35.2325	2.0000
0.1329	34.3032	2.0000
0.1329	33.3727	2.0000
0.1329	32.4411	2.0000
0.1329	31.5084	2.0000
0.1329	30.5745	2.0000
0.1329	29.6396	2.0000
0.1329	28.7034	2.0000
0.1329	27.7662	2.0000
0.1329	26.8278	2.0000
0.1329	25.8884	2.0000
0.1329	24.9477	2.0000
0.1329	24.0060	2.0000
0.1329	23.0632	2.0000
0.1329	22.1192	2.0000
0.1329	21.1741	2.0000
0.1329	20.2279	2.0000
0.1329	19.2805	2.0000
0.1329	18.3321	2.0000
0.1329	17.3825	2.0000
0.1329	16.4318	2.0000
0.1329	15.4799	2.0000
0.1329	14.5270	2.0000
-4.3295	14.3112	2.0000
-4.0055	13.2979	2.0000
-3.6825	12.2843	2.0000
-3.3602	11.2704	2.0000
-3.0388	10.2562	2.0000
-2.7182	9.2416	2.0000
-2.3983	8.2268	2.0000
-2.0793	7.2117	2.0000
-1.7610	6.1963	2.0000
-1.4435	5.1806	2.0000
-1.1268	4.1646	2.0000
-0.8108	3.1483	2.0000
-0.4955	2.1318	2.0000
-0.1809	1.1150	2.0000
0.1329	0.0980	2.0000
0.4461	-0.9193	2.0000
0.7586	-1.9369	2.0000
1.0704	-2.9547	2.0000
1.3816	-3.9727	2.0000
1.6922	-4.9910	2.0000
2.0021	-6.0095	2.0000
2.3115	-7.0283	2.0000
2.6202	-8.0472	2.0000
2.9283	-9.0665	2.0000
3.2359	-10.0859	2.0000
3.5430	-11.1056	2.0000
3.8495	-12.1255	2.0000
4.1554	-13.1456	2.0000
4.4609	-14.1660	2.0000
4.7659	-15.1865	2.0000
5.0703	-16.2073	2.0000
0.1329	-16.5617	2.0000
0.1329	-17.5519	2.0000
0.1329	-18.5432	2.0000
0.1329	-19.5357	2.0000
0.1329	-20.5293	2.0000
0.1329	-21.5241	2.0000
0.1329	-22.5200	2.0000
0.1329	-23.5170	2.0000
0.1329	-24.5152	2.0000
0.1329	-25.5145	2.0000
0.1329	-26.5150	2.0000
0.1329	-27.5166	2.0000
0.1329	-28.5194	2.0000
0.1329	-29.5233	2.0000
0.1329	-30.5284	2.0000
0.1329	-31.5346	2.0000
0.1329	-32.5419	2.0000
0.1329	-33.5504	2.0000
0.1329	-34.5601	2.0000
0.1329	-35.5709	2.0000
0.1329	-36.5829	2.0000
0.1329	-37.5960	2.0000
0.1329	-38.6103	2.0000
0.1329	-39.6257	2.0000
0.1329	-40.6423	2.0000
0.1329	-41.6601	2.0000
0.1329	-42.6790	2.0000
0.1329	-43.6991	2.0000
0.1329	-44.7203	2.0000
0.1329	-45.7427	2.0000
0.1329	-46.7663	2.0000
0.1329	-47.7910	2.0000
0.1329	-48.8169	2.0000
0.1329	-49.8439	2.0000
-0.1578	51.6013	3.0000
-0.1578	50.5945	3.0000
-0.1578	49.5866	3.0000
-0.1578	48.5776	3.0000
-0.1578	47.5675	3.0000
-0.1578	46.5564	3.0000
-0.1578	45.5441	3.0000
-0.1578	44.5307	3.0000
-0.1578	43.5162	3.0000
-0.1578	42.5006	3.0000
-0.1578	41.4839	3.0000
-0.1578	40.4661	3.0000
-0.1578	39.4472	3.0000
-0.1578	38.4272	3.0000
-0.1578	37.4061	3.0000
-0.1578	36.3839	3.0000
-0.1578	35.3606	3.0000
-0.1578	34.3361	3.0000
-0.1578	33.3106	3.0000
-0.1578	32.2839	3.0000
-0.1578	31.2561	3.0000
-0.1578	30.2272	3.0000
-0.1578	29.1972	3.0000
-0.1578	28.1661	3.0000
-0.1578	27.1338	3.0000
-0.1578	26.1005	3.0000
-0.1578	25.0660	3.0000
-0.1578	24.0304	3.0000
-0.1578	22.9937	3.0000
-0.1578	21.9558	3.0000
-0.1578	20.9168	3.0000
-0.1578	19.8767	3.0000
-0.1578	18.8355	3.0000
-0.1578	17.7931	3.0000
-5.0831	16.1163	3.0000
-4.7803	15.1044	3.0000
-4.4770	14.0923	3.0000
-4.1730	13.0800	3.0000
-3.8683	12.0674	3.0000
-3.5630	11.0547	3.0000
-3.2571	10.0417	3.0000
-2.9504	9.0285	3.0000
-2.6431	8.0151	3.0000
-2.3350	7.0014	3.0000
-2.0262	5.9875	3.0000
-1.7167	4.9734	3.0000
-1.4065	3.9590	3.0000
-1.0955	2.9444	3.0000
-0.7837	1.9296	3.0000
-0.4711	0.9145	3.0000
-0.1578	-0.1008	3.0000
0.1564	-1.1164	3.0000
0.4714	-2.1323	3.0000
0.7872	-3.1484	3.0000
1.1039	-4.1648	3.0000
1.4214	-5.1814	3.0000
1.7398	-6.1983	3.0000
2.0590	-7.2155	3.0000
2.3792	-8.2330	3.0000
2.7003	-9.2508	3.0000
3.0222	-10.2689	3.0000
3.3451	-11.2873	3.0000
3.6689	-12.3061	3.0000
3.9937	-13.3251	3.0000
4.3194	-14.3444	3.0000
-0.1578	-16.1659	3.0000
-0.1578	-17.2462	3.0000
-0.1578	-18.3277	3.0000
-0.1578	-19.4104	3.0000
-0.1578	-20.4943	3.0000
-0.1578	-21.5794	3.0000
-0.1578	-22.6656	3.0000
-0.1578	-23.7530	3.0000
-0.1578	-24.8417	3.0000
-0.1578	-25.9315	3.0000
-0.1578	-27.0225	3.0000
-0.1578	-28.1147	3.0000
-0.1578	-29.2081	3.0000
-0.1578	-30.3027	3.0000
-0.1578	-31.3985	3.0000
-0.1578	-32.4955	3.0000
-0.1578	-33.5938	3.0000
-0.1578	-34.6932	3.0000
-0.1578	-35.7939	3.0000
-0.1578	-36.8957	3.0000
-0.1578	-37.9988	3.0000
-0.1578	-39.1031	3.0000
-0.1578	-40.2087	3.0000
-0.1578	-41.3155	3.0000
-0.1578	-42.4235	3.0000
-0.1578	-43.5327	3.0000
-0.1578	-44.6432	3.0000
-0.1578	-45.7550	3.0000
-0.1578	-46.8680	3.0000
-0.1578	-47.9822	3.0000
-0.1578	-49.0977	3.0000
-0.1578	-50.2145	3.0000
-0.1578	-51.3325	3.0000
-0.1578	-52.4518	3.0000
-0.1578	-53.5724	3.0000
-0.1578	-54.6943	3.0000
