-2.7646	9.1080	1.0000
-2.7093	8.9260	1.0000
-2.6540	8.7441	1.0000
-2.5987	8.5621	1.0000
-2.5434	8.3802	1.0000
-2.4881	8.1982	1.0000
-2.4328	8.0162	1.0000
-2.3775	7.8342	1.0000
-2.3222	7.6522	1.0000
-2.2669	7.4702	1.0000
-2.2116	7.2882	1.0000
-2.1564	7.1062	1.0000
-2.1011	6.9241	1.0000
-2.0458	6.7421	1.0000
-1.9905	6.5600	1.0000
-1.9352	6.3779	1.0000
-1.8799	6.1959	1.0000
-1.8246	6.0138	1.0000
-1.7693	5.8317	1.0000
-1.7141	5.6496	1.0000
-1.6588	5.4675	1.0000
-1.6035	5.2854	1.0000
-1.5482	5.1032	1.0000
-1.4929	4.9211	1.0000
-1.4376	4.7390	1.0000
-1.3824	4.5568	1.0000
-1.3271	4.3746	1.0000
-1.2718	4.1925	1.0000
-1.2165	4.0103	1.0000
-1.1612	3.8281	1.0000
-1.1059	3.6459	1.0000
-1.0506	3.4637	1.0000
-0.9953	3.2815	1.0000
-0.9401	3.0992	1.0000
-0.8848	2.9170	1.0000
-0.8295	2.7348	1.0000
-0.7742	2.5525	1.0000
-0.7189	2.3702	1.0000
-0.6636	2.1880	1.0000
-0.6083	2.0057	1.0000
-0.5530	1.8234	1.0000
-0.4977	1.6411	1.0000
-0.4424	1.4588	1.0000
-0.3871	1.2765	1.0000
-0.3318	1.0941	1.0000
-0.2765	0.9118	1.0000
-0.2212	0.7295	1.0000
-0.1659	0.5471	1.0000
-0.1106	0.3647	1.0000
-0.0553	0.1824	1.0000
0.0000	0.0000	1.0000
0.0553	-0.1824	1.0000
0.1106	-0.3648	1.0000
0.1659	-0.5472	1.0000
0.2213	-0.7296	1.0000
0.2766	-0.9120	1.0000
0.3319	-1.0945	1.0000
0.3872	-1.2769	1.0000
0.4425	-1.4594	1.0000
0.4979	-1.6418	1.0000
0.5532	-1.8243	1.0000
0.6085	-2.0068	1.0000
0.6639	-2.1892	1.0000
0.7192	-2.3717	1.0000
0.7746	-2.5542	1.0000
0.8299	-2.7368	1.0000
0.8852	-2.9193	1.0000
0.9406	-3.1018	1.0000
0.9959	-3.2844	1.0000
1.0513	-3.4669	1.0000
1.1067	-3.6495	1.0000
1.1620	-3.8320	1.0000
1.2174	-4.0146	1.0000
1.2728	-4.1972	1.0000
1.3281	-4.3798	1.0000
1.3835	-4.5624	1.0000
1.4389	-4.7450	1.0000
1.4943	-4.9276	1.0000
1.5496	-5.1102	1.0000
1.6050	-5.2929	1.0000
1.6604	-5.4755	1.0000
1.7158	-5.6582	1.0000
1.7712	-5.8409	1.0000
1.8266	-6.0235	1.0000
1.8820	-6.2062	1.0000
1.9375	-6.3889	1.0000
1.9929	-6.5716	1.0000
2.0483	-6.7543	1.0000
2.1037	-6.9370	1.0000
2.1592	-7.1198	1.0000
2.2146	-7.3025	1.0000
2.2700	-7.4853	1.0000
2.3255	-7.6680	1.0000
2.3809	-7.8508	1.0000
2.4364	-8.0335	1.0000
2.4918	-8.2163	1.0000
2.5473	-8.3991	1.0000
2.6028	-8.5819	1.0000
2.6582	-8.7647	1.0000
2.7137	-8.9476	1.0000
2.7692	-9.1304	1.0000
-2.8040	9.2168	2.0000
-2.7472	9.0347	2.0000
-2.6903	8.8527	2.0000
-2.6335	8.6706	2.0000
-2.5767	8.4885	2.0000
-2.5200	8.3064	2.0000
-2.4632	8.1243	2.0000
-2.4065	7.9422	2.0000
-2.3499	7.7601	2.0000
-2.2932	7.5779	2.0000
-2.2366	7.3958	2.0000
-2.1800	7.2137	2.0000
-2.1234	7.0315	2.0000
-2.0668	6.8493	2.0000
-2.0103	6.6672	2.0000
-1.9538	6.4850	2.0000
-1.8973	6.3028	2.0000
-1.8408	6.1206	2.0000
-1.7844	5.9384	2.0000
-1.7280	5.7561	2.0000
-1.6716	5.5739	2.0000
-1.6152	5.3917	2.0000
-1.5589	5.2094	2.0000
-1.5025	5.0272	2.0000
-1.4462	4.8449	2.0000
-1.3900	4.6626	2.0000
-1.3337	4.4804	2.0000
-1.2775	4.2981	2.0000
-1.2213	4.1158	2.0000
-1.1651	3.9335	2.0000
-1.1089	3.7511	2.0000
-1.0528	3.5688	2.0000
-0.9967	3.3865	2.0000
-0.9406	3.2041	2.0000
-0.8846	3.0218	2.0000
-0.8285	2.8394	2.0000
-0.7725	2.6571	2.0000
-0.7165	2.4747	2.0000
-0.6605	2.2923	2.0000
-0.6046	2.1099	2.0000
-0.5486	1.9275	2.0000
-0.4927	1.7451	2.0000
-0.4369	1.5627	2.0000
-0.3810	1.3803	2.0000
-0.3252	1.1978	2.0000
-0.2693	1.0154	2.0000
-0.2136	0.8329	2.0000
-0.1578	0.6505	2.0000
-0.1020	0.4680	2.0000
-0.0463	0.2856	2.0000
0.0094	0.1031	2.0000
0.0651	-0.0794	2.0000
0.1207	-0.2619	2.0000
0.1764	-0.4444	2.0000
0.2320	-0.6269	2.0000
0.2876	-0.8095	2.0000
0.3432	-0.9920	2.0000
0.3987	-1.1745	2.0000
0.4543	-1.3571	2.0000
0.5098	-1.5396	2.0000
0.5653	-1.7222	2.0000
0.6207	-1.9048	2.0000
0.6762	-2.0873	2.0000
0.7316	-2.2699	2.0000
0.7870	-2.4525	2.0000
0.8424	-2.6351	2.0000
0.8978	-2.8177	2.0000
0.9531	-3.0003	2.0000
1.0084	-3.1830	2.0000
1.0638	-3.3656	2.0000
1.1190	-3.5482	2.0000
1.1743	-3.7309	2.0000
1.2295	-3.9135	2.0000
1.2848	-4.0962	2.0000
1.3400	-4.2789	2.0000
1.3951	-4.4615	2.0000
1.4503	-4.6442	2.0000
1.5055	-4.8269	2.0000
1.5606	-5.0096	2.0000
1.6157	-5.1923	2.0000
1.6708	-5.3750	2.0000
1.7258	-5.5577	2.0000
1.7809	-5.7405	2.0000
1.8359	-5.9232	2.0000
1.8909	-6.1060	2.0000
1.9459	-6.2887	2.0000
2.0009	-6.4715	2.0000
2.0558	-6.6542	2.0000
2.1107	-6.8370	2.0000
2.1656	-7.0198	2.0000
2.2205	-7.2026	2.0000
2.2754	-7.3854	2.0000
2.3303	-7.5682	2.0000
2.3851	-7.7510	2.0000
2.4399	-7.9338	2.0000
2.4947	-8.1166	2.0000
2.5495	-8.2994	2.0000
2.6043	-8.4823	2.0000
2.6590	-8.6651	2.0000
2.7137	-8.8480	2.0000
2.7684	-9.0308	2.0000
-2.7893	9.0085	3.0000
-2.7348	8.8266	3.0000
-2.6802	8.6447	3.0000
-2.6256	8.4627	3.0000
-2.5710	8.2808	3.0000
-2.5164	8.0989	3.0000
-2.4618	7.9169	3.0000
-2.4071	7.7350	3.0000
-2.3524	7.5530	3.0000
-2.2977	7.3711	3.0000
-2.2430	7.1891	3.0000
-2.1882	7.0071	3.0000
-2.1334	6.8251	3.0000
-2.0786	6.6432	3.0000
-2.0238	6.4612	3.0000
-1.9690	6.2792	3.0000
-1.9141	6.0971	3.0000
-1.8592	5.9151	3.0000
-1.8043	5.7331	3.0000
-1.7493	5.5511	3.0000
-1.6944	5.3690	3.0000
-1.6394	5.1870	3.0000
-1.5843	5.0049	3.0000
-1.5293	4.8229	3.0000
-1.4742	4.6408	3.0000
-1.4192	4.4587	3.0000
-1.3641	4.2766	3.0000
-1.3089	4.0945	3.0000
-1.2538	3.9124	3.0000
-1.1986	3.7303	3.0000
-1.1434	3.5482	3.0000
-1.0881	3.3661	3.0000
-1.0329	3.1839	3.0000
-0.9776	3.0018	3.0000
-0.9223	2.8197	3.0000
-0.8670	2.6375	3.0000
-0.8116	2.4553	3.0000
-0.7562	2.2732	3.0000
-0.7008	2.0910	3.0000
-0.6454	1.9088	3.0000
-0.5900	1.7266	3.0000
-0.5345	1.5444	3.0000
-0.4790	1.3622	3.0000
-0.4235	1.1800	3.0000
-0.3679	0.9978	3.0000
-0.3123	0.8155	3.0000
-0.2567	0.6333	3.0000
-0.2011	0.4511	3.0000
-0.1454	0.2688	3.0000
-0.0898	0.0865	3.0000
-0.0341	-0.0957	3.0000
0.0217	-0.2780	3.0000
0.0774	-0.4603	3.0000
0.1332	-0.6426	3.0000
0.1890	-0.8249	3.0000
0.2448	-1.0072	3.0000
0.3007	-1.1895	3.0000
0.3566	-1.3719	3.0000
0.4125	-1.5542	3.0000
0.4684	-1.7365	3.0000
0.5244	-1.9189	3.0000
0.5804	-2.1012	3.0000
0.6364	-2.2836	3.0000
0.6925	-2.4660	3.0000
0.7485	-2.6484	3.0000
0.8046	-2.8308	3.0000
0.8607	-3.0132	3.0000
0.9169	-3.1956	3.0000
0.9731	-3.3780	3.0000
1.0293	-3.5604	3.0000
1.0855	-3.7429	3.0000
1.1418	-3.9253	3.0000
1.1980	-4.1078	3.0000
1.2544	-4.2902	3.0000
1.3107	-4.4727	3.0000
1.3671	-4.6552	3.0000
1.4235	-4.8376	3.0000
1.4799	-5.0201	3.0000
1.5363	-5.2026	3.0000
1.5928	-5.3852	3.0000
1.6493	-5.5677	3.0000
1.7058	-5.7502	3.0000
1.7624	-5.9327	3.0000
1.8190	-6.1153	3.0000
1.8756	-6.2979	3.0000
1.9322	-6.4804	3.0000
1.9889	-6.6630	3.0000
2.0456	-6.8456	3.0000
2.1023	-7.0282	3.0000
2.1591	-7.2108	3.0000
2.2158	-7.3934	3.0000
2.2726	-7.5760	3.0000
2.3295	-7.7586	3.0000
2.3863	-7.9413	3.0000
2.4432	-8.1239	3.0000
2.5002	-8.3066	3.0000
2.5571	-8.4892	3.0000
2.6141	-8.6719	3.0000
2.6711	-8.8546	3.0000
2.7281	-9.0373	3.0000
2.7852	-9.2200	3.0000
